1st matrix
20 0 12 12 28 36 12 20 8 16
28 24 32 32 4 24 28 28 32 4
20 36 32 36 16 12 0 12 20 0
8 12 32 4 12 12 12 28 0 4
36 36 0 16 28 12 8 28 8 0
0 16 20 20 24 32 16 4 16 36
32 4 4 28 36 36 12 24 28 8
0 12 20 36 16 16 24 16 16 12
16 16 32 16 12 28 20 20 0 4
20 36 12 0 20 0 4 8 16 8

2nd matrix
0 3 2 0 7 5 9 0 2 7
2 9 2 3 3 2 3 4 1 2
9 1 4 6 8 2 3 0 0 6
0 6 3 3 8 8 8 2 3 2
0 8 8 3 8 2 8 4 3 0
4 3 6 9 8 0 8 5 9 0
9 6 5 3 1 8 0 4 9 6
5 7 8 8 9 2 8 6 6 9
1 6 8 8 3 2 3 6 3 6
5 7 0 8 4 6 5 8 2 3

matmul result:
0 0 24 0 196 180 108 0 16 112
56 216 64 96 12 48 84 112 32 8
180 36 128 216 128 24 0 0 0 0
0 72 96 12 96 96 96 56 0 8
0 288 0 48 224 24 64 112 24 0
0 48 120 180 192 0 128 20 144 0
288 24 20 84 36 288 0 96 252 48
0 84 160 288 144 32 192 96 96 108
16 96 256 128 36 56 60 120 0 24
100 252 0 0 80 0 20 64 32 24
