1st matrix
5 0 3 3 7 9 3 5 2 4
7 6 8 8 1 6 7 7 8 1
5 9 8 9 4 3 0 3 5 0
2 3 8 1 3 3 3 7 0 1
9 9 0 4 7 3 2 7 2 0
0 4 5 5 6 8 4 1 4 9
8 1 1 7 9 9 3 6 7 2
0 3 5 9 4 4 6 4 4 3
4 4 8 4 3 7 5 5 0 1
5 9 3 0 5 0 1 2 4 2

Scalar
4
mul result:
20 0 12 12 28 36 12 20 8 16
28 24 32 32 4 24 28 28 32 4
20 36 32 36 16 12 0 12 20 0
8 12 32 4 12 12 12 28 0 4
36 36 0 16 28 12 8 28 8 0
0 16 20 20 24 32 16 4 16 36
32 4 4 28 36 36 12 24 28 8
0 12 20 36 16 16 24 16 16 12
16 16 32 16 12 28 20 20 0 4
20 36 12 0 20 0 4 8 16 8
