1st matrix
8 4 8 8 6 5 1 2 9 5
2 5 8 1 9 4 1 2 2 6
4 6 4 7 2 9 1 8 5 9
4 7 2 0 6 6 4 4 5 6
7 9 5 0 6 6 8 9 0 9
2 6 5 9 0 7 5 0 7 0
1 8 3 4 2 0 4 6 4 2
3 6 3 9 2 9 5 7 5 3
3 4 7 1 8 2 7 0 4 1
0 5 3 7 5 9 1 2 0 7

Scalar
4
mul result:
32 16 32 32 24 20 4 8 36 20
8 20 32 4 36 16 4 8 8 24
16 24 16 28 8 36 4 32 20 36
16 28 8 0 24 24 16 16 20 24
28 36 20 0 24 24 32 36 0 36
8 24 20 36 0 28 20 0 28 0
4 32 12 16 8 0 16 24 16 8
12 24 12 36 8 36 20 28 20 12
12 16 28 4 32 8 28 0 16 4
0 20 12 28 20 36 4 8 0 28
