1st matrix
8 4 8 8 6 5 1 2 9 5
2 5 8 1 9 4 1 2 2 6
4 6 4 7 2 9 1 8 5 9
4 7 2 0 6 6 4 4 5 6
7 9 5 0 6 6 8 9 0 9
2 6 5 9 0 7 5 0 7 0
1 8 3 4 2 0 4 6 4 2
3 6 3 9 2 9 5 7 5 3
3 4 7 1 8 2 7 0 4 1
0 5 3 7 5 9 1 2 0 7

2nd matrix
1 6 7 0 0 6 5 6 6 1
5 3 3 3 0 7 8 2 4 8
5 2 0 6 4 7 0 6 9 1
8 8 3 0 4 0 7 3 5 9
7 6 7 5 7 6 3 6 3 0
6 7 2 3 6 8 8 0 3 9
3 1 7 6 7 2 2 7 9 3
8 2 8 8 3 7 8 3 8 7
2 4 7 3 1 3 2 6 8 1
0 2 9 1 6 8 4 4 6 9

add result:
9 10 15 8 6 11 6 8 15 6
7 8 11 4 9 11 9 4 6 14
9 8 4 13 6 16 1 14 14 10
12 15 5 0 10 6 11 7 10 15
14 15 12 5 13 12 11 15 3 9
8 13 7 12 6 15 13 0 10 9
4 9 10 10 9 2 6 13 13 5
11 8 11 17 5 16 13 10 13 10
5 8 14 4 9 5 9 6 12 2
0 7 12 8 11 17 5 6 6 16
