1st matrix
8 4 8 8 6 5 1 2 9 5
2 5 8 1 9 4 1 2 2 6
4 6 4 7 2 9 1 8 5 9
4 7 2 0 6 6 4 4 5 6
7 9 5 0 6 6 8 9 0 9
2 6 5 9 0 7 5 0 7 0
1 8 3 4 2 0 4 6 4 2
3 6 3 9 2 9 5 7 5 3
3 4 7 1 8 2 7 0 4 1
0 5 3 7 5 9 1 2 0 7

2nd matrix
1 6 7 0 0 6 5 6 6 1
5 3 3 3 0 7 8 2 4 8
5 2 0 6 4 7 0 6 9 1
8 8 3 0 4 0 7 3 5 9
7 6 7 5 7 6 3 6 3 0
6 7 2 3 6 8 8 0 3 9
3 1 7 6 7 2 2 7 9 3
8 2 8 8 3 7 8 3 8 7
2 4 7 3 1 3 2 6 8 1
0 2 9 1 6 8 4 4 6 9

matmul result:
241 262 275 159 188 291 242 251 336 236
185 158 194 154 174 259 162 176 225 168
255 236 286 173 202 323 307 190 319 345
181 171 252 158 167 270 216 180 250 215
251 201 339 234 235 375 297 245 357 306
200 194 157 120 140 176 201 158 248 221
170 116 179 138 104 173 175 142 219 180
269 234 251 177 195 263 292 185 306 312
163 139 182 155 159 193 120 196 233 103
204 189 175 114 184 230 222 120 191 267
